2	0.122717	0.138527	0.000977
3	0.769951	0.351052	25
2	0.773041	0.137316	0.000730
3	0.374017	0.585079	60
3	0.021620	0.264600	70
3	0.820084	0.272406	5
3	0.306399	0.424492	36
2	0.765575	0.087287	0.000358
3	0.002760	0.370437	6
2	0.318996	0.522331	0.000249
3	0.991025	0.464049	67
2	0.579678	0.990695	0.000123
2	0.588876	0.096552	0.000738
3	0.911785	0.799622	23
3	0.269110	0.782792	76
2	0.556549	0.476596	0.000388
3	0.524953	0.401097	86
2	0.207668	0.210120	0.000853
2	0.803069	0.777581	0.000233
3	0.647309	0.112510	93
2	0.344911	0.727875	0.000634
3	0.665302	0.322839	8
3	0.328293	0.568640	37
2	0.885651	0.655809	0.000900
3	0.854458	0.972090	77
3	0.787616	0.290007	46
3	0.651128	0.482123	3
2	0.690128	0.921590	0.000249
2	0.823437	0.593987	0.000232
2	0.197123	0.938591	0.000204
2	0.760129	0.427545	0.000982
2	0.937314	0.614246	0.000679
2	0.855347	0.238209	0.000423
2	0.320651	0.864827	0.000688
2	0.261841	0.660771	0.000466
2	0.974991	0.509926	0.000501
3	0.652408	0.102494	39
3	0.152552	0.745606	15
3	0.567928	0.242457	81
2	0.771268	0.753392	0.000124
2	0.950854	0.187747	0.000144
3	0.997283	0.305853	3
3	0.766408	0.807970	26
3	0.486881	0.620865	100
3	0.930067	0.229488	1
3	0.763986	0.526001	43
2	0.614165	0.931937	0.000883
2	0.610422	0.247819	0.000588
3	0.483386	0.363413	17
2	0.713777	0.386273	0.000481
2	0.434534	0.650947	0.000097
2	0.662853	0.704876	0.000416
2	0.161977	0.938333	0.000400
2	0.199060	0.949031	0.000070
2	0.847618	0.253137	0.000945
2	0.532245	0.388231	0.000886
2	0.303654	0.925231	0.000427
2	0.108304	0.780367	0.000005
2	0.769104	0.107615	0.000601
2	0.509595	0.959519	0.000498
2	0.361628	0.333656	0.000059
3	0.859787	0.729166	11
2	0.011789	0.310337	0.000723
2	0.599183	0.319735	0.000712
3	0.635784	0.931972	10
3	0.229677	0.642209	85
2	0.162257	0.286584	0.000820
2	0.722138	0.781550	0.000331
2	0.455945	0.454176	0.000230
3	0.842202	0.566254	86
2	0.460006	0.512007	0.000458
2	0.140614	0.069048	0.000001
2	0.982218	0.669318	0.000627
3	0.903165	0.090152	77
2	0.046600	0.743812	0.000597
2	0.203413	0.714906	0.000398
2	0.263734	0.119947	0.000570
3	0.250821	0.875403	72
3	0.552494	0.616860	94
2	0.537710	0.386648	0.000986
2	0.249664	0.309176	0.000053
3	0.604490	0.277120	81
3	0.695157	0.398838	54
3	0.439137	0.032713	76
2	0.154671	0.653152	0.000958
3	0.954940	0.387190	58
2	0.018096	0.748300	0.000126
3	0.944321	0.710525	12
3	0.125908	0.451493	25
3	0.885672	0.611595	53
3	0.123358	0.167771	23
3	0.944112	0.462752	27
3	0.585823	0.591844	32
3	0.414199	0.180999	81
3	0.160100	0.360102	49
2	0.324658	0.831289	0.000491
2	0.189353	0.028595	0.000763
2	0.633244	0.292115	0.000427
2	0.129753	0.091116	0.000743
2	0.003394	0.234535	0.000689
2	0.719715	0.668930	0.000075
2	0.277405	0.885546	0.000669
3	0.658989	0.534278	47
3	0.243987	0.583925	86
2	0.765680	0.350383	0.000442
3	0.549787	0.712138	64
3	0.980412	0.748627	37
2	0.462325	0.348374	0.000138
3	0.602802	0.853201	53
3	0.422688	0.885931	90
3	0.716056	0.586665	99
2	0.799625	0.619084	0.000810
2	0.831414	0.261245	0.000124
3	0.179150	0.458562	49
2	0.184297	0.015442	0.000349
3	0.233682	0.524057	50
3	0.739741	0.819699	13
2	0.195856	0.377163	0.000350
3	0.457544	0.784326	92
3	0.917711	0.789561	81
3	0.391595	0.850018	18
2	0.877371	0.049655	0.000042
2	0.431239	0.640508	0.000774
3	0.395089	0.089728	80
2	0.613452	0.172900	0.000791
3	0.645588	0.663847	19
3	0.335783	0.221357	67
2	0.056973	0.291853	0.000377
2	0.583742	0.785879	0.000898
3	0.395979	0.664446	84
2	0.845994	0.729040	0.000941
3	0.392017	0.213967	66
3	0.909806	0.863867	77
2	0.813524	0.397762	0.000827
3	0.663748	0.881643	38
3	0.039063	0.170106	70
3	0.106661	0.497629	87
3	0.820046	0.020453	85
2	0.401186	0.625957	0.000562
2	0.663434	0.836787	0.000062
3	0.609821	0.440331	20
3	0.956401	0.565098	13
2	0.801254	0.223610	0.000286
3	0.883482	0.492994	88
3	0.770372	0.687265	72
2	0.988452	0.392872	0.000116
3	0.982567	0.976193	2
3	0.786152	0.917477	90
2	0.026031	0.676710	0.000183
3	0.524422	0.450901	12
3	0.023362	0.714959	24
3	0.887438	0.884880	33
3	0.105150	0.761215	80
2	0.030207	0.573966	0.000968
2	0.916319	0.206684	0.000077
2	0.265075	0.001402	0.000097
3	0.491424	0.588499	95
3	0.130488	0.552236	90
2	0.180967	0.045656	0.000390
2	0.462518	0.226192	0.000980
3	0.217671	0.985686	35
3	0.624206	0.525102	94
3	0.075920	0.248810	13
3	0.166854	0.899575	58
2	0.186358	0.283190	0.000787
3	0.224070	0.448766	66
3	0.315463	0.224262	19
3	0.423635	0.501766	34
2	0.928462	0.089689	0.000030
3	0.321105	0.874081	7
2	0.765964	0.276625	0.000937
2	0.907073	0.508515	0.000175
3	0.563029	0.410028	9
3	0.731130	0.046289	46
3	0.411993	0.569094	42
3	0.567774	0.379518	45
3	0.068347	0.884310	12
3	0.853670	0.655553	79
3	0.164450	0.228059	93
3	0.093242	0.792087	39
2	0.999249	0.082715	0.000656
2	0.628259	0.248432	0.000432
3	0.079607	0.724866	64
2	0.010486	0.174510	0.000607
3	0.694533	0.954021	74
3	0.549128	0.966914	43
3	0.457634	0.995232	98
3	0.782354	0.069461	98
2	0.695376	0.309238	0.000692
2	0.908971	0.916189	0.000177
3	0.965541	0.348982	98
3	0.853646	0.030900	76
3	0.222838	0.327541	55
3	0.007218	0.356265	6
2	0.577656	0.130636	0.000337
2	0.680253	0.679628	0.000822
2	0.447513	0.303335	0.000745
2	0.185213	0.361305	0.000726
3	0.346915	0.146465	22
3	0.226098	0.147345	52
2	0.699197	0.750794	0.000597
3	0.872872	0.194217	59
3	0.996391	0.632972	50
2	0.105057	0.985465	0.000817
2	0.839892	0.999421	0.000799
3	0.235418	0.018423	58
3	0.465903	0.490148	77
2	0.400029	0.248611	0.000055
2	0.823824	0.541879	0.000279
3	0.260332	0.449294	30
3	0.561788	0.455253	36
2	0.188829	0.603434	0.000112
2	0.097778	0.155940	0.000291
2	0.847005	0.513949	0.000337
3	0.946714	0.138829	76
3	0.438102	0.479751	2
2	0.338119	0.351367	0.000460
2	0.798877	0.116991	0.000781
3	0.890029	0.065850	17
3	0.956514	0.659334	12
3	0.001365	0.716398	19
3	0.389100	0.171634	93
2	0.154900	0.134952	0.000472
3	0.785782	0.977142	73
2	0.276233	0.039006	0.000871
2	0.435351	0.782121	0.000524
3	0.067602	0.037895	30
2	0.848015	0.095315	0.000156
2	0.494103	0.186474	0.000543
3	0.574520	0.395532	23
2	0.999521	0.653237	0.000773
2	0.200118	0.799474	0.000649
3	0.020000	0.316542	8
3	0.713467	0.770827	73
3	0.757920	0.579187	78
2	0.929756	0.302723	0.000122
3	0.805487	0.878909	70
2	0.956482	0.142708	0.000335
3	0.210459	0.189709	41
2	0.462571	0.309035	0.000872
2	0.163589	0.206112	0.000119
3	0.160815	0.264406	73
2	0.291447	0.827635	0.000946
2	0.795822	0.513152	0.000629
3	0.682836	0.846872	35
3	0.818191	0.236727	15
2	0.212913	0.484857	0.000210
3	0.983209	0.116196	32
2	0.329154	0.005888	0.000116
3	0.471848	0.732641	70
2	0.164626	0.998117	0.000434
2	0.543115	0.508714	0.000782
2	0.909914	0.984729	0.000901
3	0.356203	0.118270	84
3	0.759321	0.999781	52
3	0.231244	0.481577	69
2	0.187860	0.283051	0.000745
3	0.762172	0.585040	75
3	0.033037	0.258346	24
2	0.394888	0.022041	0.000400
2	0.363921	0.754810	0.000558
3	0.317591	0.285635	83
2	0.634369	0.509720	0.000222
2	0.226195	0.562311	0.000023
3	0.646472	0.791042	2
3	0.085486	0.563855	98
3	0.972499	0.154720	1
3	0.032121	0.778345	52
2	0.669434	0.076497	0.000367
3	0.297959	0.818790	34
2	0.862888	0.758001	0.000627
3	0.142262	0.975246	78
2	0.154086	0.575973	0.000835
3	0.032838	0.382608	82
2	0.338354	0.937967	0.000608
3	0.470401	0.415495	61
3	0.936275	0.055450	44
3	0.910711	0.052150	38
3	0.584076	0.331805	8
2	0.048759	0.573013	0.000936
2	0.552855	0.092138	0.000402
3	0.016683	0.008828	45
3	0.306693	0.669586	99
2	0.938487	0.939948	0.000579
2	0.373010	0.159538	0.000215
2	0.212742	0.530884	0.000076
2	0.920521	0.265549	0.000341
3	0.868336	0.162443	63
3	0.344149	0.530724	20
2	0.895529	0.484789	0.000400
3	0.540732	0.964716	1
2	0.043104	0.825016	0.000721
3	0.699107	0.146367	20
3	0.646234	0.038048	73
3	0.278956	0.710198	63
3	0.167048	0.461637	9
2	0.176605	0.663809	0.000652
2	0.804467	0.503494	0.000796
3	0.784483	0.033255	78
3	0.439149	0.409927	57
3	0.316919	0.175950	87
2	0.316871	0.958909	0.000418
2	0.052456	0.277424	0.000723
3	0.210912	0.952416	27
2	0.832262	0.047337	0.000826
2	0.804224	0.225940	0.000549
2	0.941739	0.219507	0.000258
3	0.537986	0.050728	38
2	0.268901	0.250125	0.000495
3	0.198126	0.614676	77
2	0.037868	0.957474	0.000054
2	0.754609	0.941660	0.000454
2	0.467447	0.645788	0.000045
2	0.591678	0.803181	0.000216
2	0.079664	0.316242	0.000505
3	0.613122	0.776906	44
2	0.677914	0.341700	0.000735
3	0.650609	0.047369	89
2	0.861460	0.856775	0.000559
3	0.342073	0.473022	19
2	0.714649	0.856904	0.000068
3	0.222506	0.919692	4
2	0.707228	0.582013	0.000314
3	0.348783	0.196507	78
2	0.399887	0.576552	0.000279
3	0.771930	0.400903	2
3	0.284001	0.763461	4
2	0.939898	0.678762	0.000962
3	0.660346	0.901339	99
2	0.950544	0.814674	0.000364
3	0.658256	0.273201	78
3	0.702748	0.344169	20
3	0.619784	0.925121	13
2	0.273822	0.886419	0.000053
2	0.994420	0.826195	0.000556
3	0.174241	0.884628	45
2	0.432444	0.771988	0.000733
3	0.393717	0.758442	84
2	0.812303	0.393234	0.000218
3	0.373591	0.742240	38
2	0.998977	0.433655	0.000570
2	0.563948	0.990927	0.000692
2	0.796397	0.063684	0.000646
2	0.242049	0.370456	0.000475
3	0.140590	0.368376	11
3	0.165900	0.280840	36
2	0.282186	0.526393	0.000188
3	0.914369	0.323310	27
2	0.604814	0.279208	0.000279
3	0.325291	0.123058	17
3	0.519668	0.560226	4
2	0.985470	0.609500	0.000198
2	0.081443	0.678607	0.000533
2	0.529040	0.374276	0.000308
2	0.101456	0.374792	0.000517
2	0.382821	0.652708	0.000600
3	0.091534	0.530142	100
3	0.104896	0.249058	53
3	0.422508	0.572414	46
3	0.808607	0.769750	27
2	0.426924	0.238405	0.000491
3	0.611103	0.499036	56
3	0.863427	0.245862	29
2	0.384867	0.846417	0.001000
3	0.941902	0.468921	49
3	0.147008	0.793017	43
3	0.300402	0.430545	75
2	0.047130	0.825520	0.000896
3	0.770809	0.634865	15
2	0.704704	0.917958	0.000711
2	0.454917	0.262757	0.000588
3	0.500024	0.779188	91
3	0.143821	0.870284	91
2	0.027908	0.407591	0.000363
2	0.057947	0.633218	0.000133
2	0.330832	0.674262	0.000098
3	0.249367	0.809832	92
3	0.656130	0.020475	72
3	0.358109	0.377434	86
3	0.866051	0.087139	5
3	0.269547	0.261654	80
2	0.332166	0.664691	0.000028
2	0.343618	0.730545	0.000701
3	0.204172	0.623174	16
2	0.100556	0.366325	0.000270
3	0.604722	0.328239	3
3	0.089289	0.137448	72
2	0.104149	0.066591	0.000296
3	0.437133	0.382880	45
2	0.389891	0.080150	0.000948
3	0.386650	0.348143	82
2	0.141175	0.298584	0.000684
3	0.598863	0.219992	38
3	0.692535	0.987554	6
3	0.820624	0.963916	6
3	0.520118	0.355863	79
2	0.387996	0.415964	0.000090
3	0.778533	0.638402	79
3	0.842321	0.232732	38
2	0.638736	0.400456	0.000814
2	0.345983	0.221529	0.000551
3	0.143993	0.575601	59
3	0.540336	0.763849	91
2	0.340260	0.889302	0.000058
3	0.600410	0.352162	52
3	0.323611	0.318869	0
2	0.338808	0.052313	0.000662
2	0.856296	0.638463	0.000424
3	0.743550	0.894124	0
3	0.696259	0.803350	64
2	0.908190	0.559989	0.000234
3	0.460771	0.063815	16
2	0.948951	0.535527	0.000266
3	0.289119	0.248423	11
2	0.677008	0.631902	0.000379
2	0.157432	0.767529	0.000131
2	0.599473	0.193130	0.000929
3	0.905255	0.868401	45
2	0.669519	0.005602	0.000464
3	0.586890	0.853050	79
3	0.021773	0.089500	71
2	0.064961	0.531809	0.000697
3	0.092074	0.571985	66
3	0.214701	0.854594	14
3	0.124202	0.968559	22
2	0.263880	0.428151	0.000911
3	0.198514	0.382278	25
2	0.149099	0.413958	0.000444
3	0.321289	0.179928	59
2	0.131903	0.491943	0.000855
3	0.761056	0.983783	3
3	0.946126	0.320432	12
2	0.876447	0.548147	0.000427
3	0.616258	0.826627	83
3	0.276626	0.159374	2
3	0.588805	0.386293	41
2	0.962858	0.995451	0.000398
2	0.083930	0.434649	0.000058
3	0.215226	0.172248	58
3	0.028079	0.123347	14
3	0.639457	0.165565	79
3	0.417572	0.283782	90
3	0.974011	0.054987	27
2	0.031951	0.321827	0.000280
2	0.218670	0.885682	0.000340
2	0.417584	0.944104	0.000092
3	0.442002	0.392949	69
3	0.694324	0.478390	68
3	0.948331	0.719188	88
2	0.387383	0.326832	0.000048
2	0.579595	0.896783	0.000952
3	0.566039	0.787732	61
2	0.622993	0.135942	0.000683
2	0.278346	0.246309	0.000917
2	0.554928	0.554793	0.000046
2	0.445558	0.699958	0.000026
3	0.807341	0.753364	5
2	0.712045	0.304160	0.000346
2	0.353425	0.557290	0.000098
3	0.978133	0.290437	4
3	0.103173	0.352822	46
2	0.973958	0.168254	0.000983
2	0.940149	0.138918	0.000008
3	0.221178	0.119932	14
3	0.648688	0.419304	30
2	0.032593	0.958179	0.000098
3	0.762416	0.410293	58
2	0.276731	0.769483	0.000559
2	0.688410	0.120897	0.000866
3	0.860089	0.395008	41
2	0.966676	0.934820	0.000440
3	0.753813	0.024837	10
3	0.542571	0.409787	17
3	0.842839	0.634627	34
3	0.880581	0.685960	3
2	0.003370	0.391376	0.000711
3	0.967752	0.962875	61
2	0.606610	0.390739	0.000081
2	0.270126	0.417295	0.000161
3	0.339693	0.864079	87
2	0.730564	0.819930	0.000368
3	0.245182	0.421183	56
3	0.489546	0.328162	34
3	0.078802	0.712004	55
2	0.216637	0.805208	0.000122
3	0.281186	0.049027	32
2	0.172889	0.457353	0.000105
2	0.606518	0.524592	0.000372
2	0.202305	0.044418	0.000893
2	0.631440	0.629703	0.000065
2	0.170836	0.537268	0.000623
3	0.642677	0.727767	88
2	0.740922	0.297502	0.000898
3	0.176881	0.048787	50
2	0.641169	0.873091	0.000318
2	0.011415	0.626197	0.000479
3	0.750852	0.649860	15
2	0.481871	0.789751	0.000794
3	0.266604	0.937152	42
2	0.543653	0.348971	0.000456
3	0.541636	0.985928	31
3	0.935247	0.544834	65
2	0.284877	0.542444	0.000608
2	0.898054	0.494322	0.000356
3	0.188341	0.599605	95
3	0.791657	0.163606	8
2	0.478383	0.534245	0.000785
2	0.744703	0.747592	0.000700
2	0.257748	0.332495	0.000020
3	0.425907	0.770490	8
2	0.201453	0.812165	0.000434
2	0.257186	0.743563	0.000889
2	0.073792	0.365577	0.000219
3	0.459697	0.211978	48
2	0.498326	0.318640	0.000105
3	0.728136	0.070677	53
3	0.015158	0.511556	66
3	0.926824	0.060355	46
2	0.209113	0.900730	0.000423
3	0.805116	0.609336	15
3	0.324504	0.768231	87
3	0.129613	0.812841	25
2	0.082062	0.761683	0.000272
2	0.139236	0.730975	0.000466
2	0.700914	0.280898	0.000773
3	0.309771	0.953545	21
3	0.905981	0.872530	19
3	0.443738	0.940010	48
2	0.637245	0.535797	0.000569
2	0.599798	0.163548	0.000135
3	0.847967	0.168520	98
3	0.256189	0.597704	61
3	0.925080	0.372546	84
3	0.877508	0.158479	64
2	0.816462	0.771070	0.000055
3	0.601377	0.201520	57
3	0.473451	0.338782	91
3	0.739347	0.203948	51
3	0.818075	0.739753	82
2	0.534164	0.878086	0.000577
2	0.021585	0.701453	0.000219
3	0.068575	0.626409	6
2	0.204216	0.314136	0.000602
3	0.565968	0.300591	80
2	0.352667	0.940636	0.000661
3	0.006191	0.399209	47
3	0.982485	0.810686	51
2	0.499811	0.262204	0.000445
2	0.986279	0.740449	0.000376
3	0.414478	0.740605	38
3	0.176332	0.431166	25
2	0.553008	0.599001	0.000313
3	0.427019	0.234946	79
2	0.507005	0.117437	0.000949
3	0.764510	0.328145	67
3	0.353397	0.289512	76
3	0.864712	0.797149	27
3	0.875992	0.922616	78
2	0.288462	0.546648	0.000337
3	0.451382	0.581751	39
2	0.767232	0.943645	0.000697
3	0.598068	0.789039	100
3	0.288684	0.515730	87
2	0.470085	0.970119	0.000674
3	0.534807	0.527303	42
2	0.914008	0.166829	0.000315
2	0.746183	0.460436	0.000729
3	0.881942	0.144724	82
2	0.882033	0.088600	0.000855
3	0.922986	0.070833	39
3	0.394368	0.310300	27
3	0.394808	0.466626	71
3	0.821067	0.165378	50
3	0.387843	0.071903	81
2	0.946246	0.589380	0.000301
3	0.509198	0.041655	48
3	0.498838	0.000101	45
2	0.473799	0.303050	0.000625
2	0.803597	0.668923	0.000522
2	0.084006	0.018181	0.000002
2	0.974412	0.778962	0.000825
3	0.119612	0.459886	25
2	0.138323	0.542429	0.000058
2	0.820312	0.912473	0.000112
2	0.793228	0.326750	0.000813
2	0.279871	0.484145	0.000017
3	0.061979	0.060864	52
3	0.932067	0.206629	30
2	0.976583	0.474331	0.000744
2	0.072259	0.498026	0.000295
2	0.385138	0.799150	0.000762
3	0.855166	0.294534	21
2	0.148218	0.447384	0.000020
2	0.963666	0.385404	0.000874
2	0.340761	0.786786	0.000811
2	0.821958	0.277657	0.000132
3	0.746500	0.584574	51
2	0.151033	0.029599	0.000576
2	0.370959	0.698656	0.000065
2	0.708617	0.539464	0.000429
3	0.477952	0.082574	52
3	0.605405	0.359629	58
2	0.752771	0.276615	0.000994
2	0.958853	0.640449	0.000107
3	0.351335	0.038659	94
3	0.960650	0.513394	99
2	0.753282	0.104565	0.000170
3	0.883447	0.118616	18
2	0.620013	0.025784	0.000374
2	0.509981	0.474700	0.000378
2	0.629532	0.078175	0.000322
3	0.605979	0.199337	71
2	0.352722	0.441740	0.000025
3	0.823755	0.675629	27
2	0.456857	0.965139	0.000156
3	0.438423	0.426025	93
3	0.658365	0.248683	84
2	0.398750	0.958365	0.000525
3	0.870641	0.549077	73
3	0.581259	0.990526	21
2	0.286586	0.939640	0.000149
3	0.486663	0.672924	10
2	0.404320	0.323506	0.000141
3	0.613628	0.542802	64
2	0.403265	0.693751	0.000386
3	0.531460	0.017687	31
3	0.413873	0.879431	99
2	0.217581	0.757581	0.000129
3	0.360182	0.952101	10
3	0.199603	0.677404	91
2	0.516163	0.826131	0.000633
3	0.740543	0.706205	15
2	0.655159	0.637394	0.000483
3	0.544938	0.973735	92
2	0.080617	0.195236	0.000031
3	0.497400	0.438431	8
2	0.374305	0.218851	0.000240
2	0.657065	0.388486	0.000986
2	0.219807	0.242218	0.000753
3	0.282782	0.415397	80
2	0.114848	0.264983	0.000024
3	0.951793	0.761348	29
3	0.666851	0.353820	44
3	0.520430	0.837789	64
2	0.854741	0.641086	0.000435
2	0.055618	0.354699	0.000256
3	0.609630	0.992292	60
2	0.201373	0.455980	0.000365
2	0.381008	0.743977	0.000168
3	0.494840	0.690813	49
3	0.804448	0.525656	16
3	0.667931	0.430563	57
2	0.681685	0.923533	0.000140
3	0.137547	0.109073	69
3	0.996504	0.326006	48
2	0.561903	0.870554	0.000552
2	0.869608	0.026987	0.000724
2	0.046708	0.027300	0.000276
2	0.296850	0.716173	0.000165
2	0.720963	0.206990	0.000223
3	0.259607	0.565657	99
3	0.735159	0.891633	1
3	0.258478	0.599930	17
2	0.507170	0.114030	0.000082
3	0.967556	0.468483	21
3	0.880679	0.923187	92
3	0.169902	0.825438	57
2	0.186369	0.762020	0.000902
3	0.208142	0.922596	83
2	0.692396	0.827653	0.000148
2	0.082238	0.395978	0.000852
3	0.847885	0.176474	82
2	0.461344	0.008307	0.000955
3	0.111085	0.639894	33
2	0.686427	0.197316	0.000832
3	0.179437	0.645006	69
3	0.316832	0.493510	56
3	0.010639	0.154739	71
3	0.563943	0.073956	48
3	0.220677	0.401862	5
2	0.760017	0.510996	0.000923
3	0.217972	0.481406	10
2	0.226923	0.208743	0.000733
2	0.497486	0.755779	0.000957
2	0.083936	0.102614	0.000622
2	0.645503	0.397001	0.000248
3	0.566470	0.482528	89
3	0.010330	0.472089	47
2	0.675099	0.433818	0.000560
3	0.157690	0.994712	49
3	0.053552	0.703269	6
2	0.166062	0.193999	0.000431
2	0.866852	0.661855	0.000963
3	0.170371	0.502049	45
2	0.592974	0.126128	0.000595
3	0.472917	0.224763	52
2	0.965786	0.103420	0.000341
2	0.531672	0.716725	0.000472
3	0.300625	0.539245	87
3	0.185595	0.997228	62
2	0.032412	0.187614	0.000357
2	0.502127	0.792571	0.000899
3	0.032144	0.566114	71
2	0.348063	0.786269	0.000081
3	0.766148	0.067022	41
2	0.403979	0.863158	0.000864
3	0.003740	0.261757	36
3	0.782153	0.289802	74
3	0.168680	0.556938	11
2	0.799817	0.128241	0.000071
2	0.249929	0.125196	0.000804
2	0.762966	0.400424	0.000088
2	0.208212	0.565397	0.000002
2	0.405099	0.539066	0.000215
2	0.997722	0.149929	0.000866
2	0.842085	0.616462	0.000132
2	0.208484	0.142409	0.000786
2	0.194861	0.870443	0.000922
2	0.438561	0.775393	0.000215
2	0.711106	0.775328	0.000602
3	0.533908	0.241866	62
3	0.714892	0.449542	72
2	0.317216	0.576831	0.000425
2	0.797459	0.309346	0.000328
3	0.669987	0.937174	37
2	0.239798	0.688068	0.000045
3	0.247293	0.386880	64
2	0.777296	0.231475	0.000422
2	0.211011	0.233354	0.000392
3	0.407768	0.586884	91
2	0.531825	0.483134	0.000619
2	0.481044	0.715646	0.000756
3	0.769638	0.152067	56
2	0.407087	0.619756	0.000867
3	0.726319	0.040930	53
2	0.005960	0.852000	0.000716
2	0.186290	0.722062	0.000905
2	0.270592	0.391997	0.000146
2	0.065170	0.247323	0.000420
3	0.978612	0.934533	44
3	0.877900	0.018671	78
3	0.605647	0.327690	29
2	0.067781	0.851350	0.000153
2	0.735743	0.391891	0.000688
3	0.858248	0.415425	81
3	0.416775	0.362415	91
2	0.345605	0.444474	0.000255
3	0.643476	0.836428	61
3	0.468401	0.879538	38
3	0.754047	0.864424	51
3	0.487942	0.084289	52
2	0.402266	0.489469	0.000574
3	0.075734	0.721452	26
3	0.285051	0.769811	72
3	0.539358	0.621718	99
2	0.000783	0.768257	0.000224
2	0.928089	0.370373	0.000315
2	0.468234	0.530686	0.000865
2	0.576841	0.888900	0.000166
2	0.869600	0.674046	0.000596
3	0.760326	0.158214	57
2	0.828671	0.880769	0.000965
3	0.013487	0.260181	86
3	0.207146	0.590700	90
2	0.566133	0.576215	0.000247
2	0.829943	0.774004	0.000315
3	0.102448	0.124717	69
3	0.391502	0.521986	16
3	0.730152	0.358672	40
3	0.626155	0.169828	34
2	0.764123	0.692962	0.000337
3	0.836070	0.767426	25
3	0.262490	0.371851	31
3	0.751978	0.531798	80
3	0.534369	0.340431	21
2	0.839727	0.656501	0.000744
2	0.232233	0.755069	0.000290
3	0.820198	0.659763	6
3	0.785104	0.633420	32
2	0.950851	0.024273	0.000824
3	0.572130	0.737177	62
3	0.150511	0.169218	23
2	0.108985	0.980842	0.000740
3	0.905156	0.440947	76
2	0.514064	0.520641	0.000539
3	0.447691	0.722308	50
3	0.683225	0.716332	95
2	0.032375	0.830831	0.000810
2	0.319078	0.328233	0.000200
2	0.059868	0.341444	0.000060
2	0.898394	0.124610	0.000876
3	0.159150	0.791621	23
3	0.643354	0.898214	76
3	0.841227	0.275083	4
3	0.424451	0.814212	64
3	0.600883	0.202050	54
3	0.150568	0.556869	31
3	0.247565	0.715565	0
2	0.433586	0.706679	0.000638
2	0.643981	0.934812	0.000876
3	0.440323	0.110129	31
3	0.503222	0.390195	39
3	0.967706	0.528979	17
2	0.539356	0.107116	0.000507
3	0.224541	0.110742	60
3	0.318564	0.717392	74
3	0.308097	0.327894	27
2	0.813256	0.925046	0.000999
2	0.207794	0.361092	0.000568
2	0.207732	0.165122	0.000072
2	0.180690	0.123460	0.000901
2	0.336660	0.138534	0.000634
2	0.646930	0.687173	0.000554
2	0.642471	0.347221	0.000551
3	0.942489	0.302049	84
2	0.125266	0.453849	0.000055
3	0.983976	0.311982	86
2	0.534484	0.853376	0.000944
2	0.502643	0.021349	0.000442
3	0.246816	0.493058	35
3	0.350527	0.988536	95
2	0.362104	0.852434	0.000801
2	0.794120	0.046321	0.000256
3	0.135039	0.285945	4
2	0.042424	0.725390	0.000382
2	0.254279	0.144958	0.000953
2	0.932031	0.434399	0.000462
3	0.595887	0.618030	7
3	0.682286	0.062147	26
3	0.461523	0.819270	90
2	0.220203	0.521718	0.000161
3	0.862408	0.014222	95
2	0.778307	0.884422	0.000214
3	0.843008	0.081472	95
3	0.813594	0.842873	47
2	0.055675	0.774329	0.000308
2	0.736431	0.810098	0.000785
2	0.351024	0.651530	0.000273
2	0.365947	0.221031	0.000916
2	0.585606	0.602914	0.000218
2	0.498197	0.357297	0.000382
3	0.346243	0.609826	27
3	0.934442	0.358739	79
2	0.522302	0.059256	0.000219
2	0.882907	0.006486	0.000614
2	0.769683	0.855686	0.000398
2	0.313055	0.953278	0.000112
3	0.072218	0.223216	63
2	0.289001	0.828500	0.000539
2	0.032718	0.734175	0.000339
2	0.212116	0.394335	0.000878
3	0.952795	0.555713	25
2	0.662194	0.445606	0.000016
3	0.655984	0.381289	59
2	0.560504	0.541363	0.000485
2	0.579515	0.555472	0.000026
2	0.725033	0.232668	0.000923
2	0.995216	0.413085	0.000805
3	0.888210	0.181978	73
2	0.816028	0.971386	0.000676
3	0.562434	0.616167	87
2	0.721154	0.965262	0.000753
3	0.519215	0.476239	30
2	0.097554	0.256205	0.000507
3	0.174152	0.173603	89
3	0.958959	0.762506	47
2	0.644518	0.451151	0.000045
2	0.715427	0.837939	0.000252
3	0.070715	0.223397	38
2	0.366883	0.590818	0.000795
3	0.759046	0.247147	70
2	0.941440	0.193220	0.000990
3	0.540095	0.399467	30
3	0.443992	0.313423	63
3	0.968069	0.384916	27
2	0.716747	0.345060	0.000490
2	0.756759	0.681587	0.000943
2	0.133633	0.610707	0.000883
3	0.875768	0.510245	95
3	0.027873	0.327015	93
2	0.350908	0.726081	0.000681
2	0.098848	0.279136	0.000676
3	0.507578	0.498395	81
2	0.868803	0.035253	0.000027
2	0.238814	0.431251	0.000719
3	0.656237	0.272116	67
3	0.388225	0.931906	46
3	0.234128	0.993967	67
2	0.972473	0.774786	0.000632
3	0.010149	0.199606	94
2	0.393022	0.471756	0.000923
2	0.826805	0.836581	0.000589
2	0.195954	0.490735	0.000796
3	0.630761	0.967107	18
2	0.228174	0.840734	0.000016
2	0.995154	0.513140	0.000273
2	0.452322	0.710690	0.000817
2	0.844621	0.879580	0.000133
2	0.535547	0.041882	0.000857
3	0.614925	0.761584	70
3	0.860507	0.196803	1
3	0.231504	0.720362	98
3	0.620265	0.634574	49
2	0.961865	0.462786	0.000745
3	0.317712	0.937498	74
2	0.411880	0.653652	0.000072
2	0.293057	0.603510	0.000772
3	0.401547	0.191721	46
2	0.887559	0.482395	0.000860
3	0.499476	0.383397	48
3	0.224121	0.668027	62
3	0.779182	0.791337	63
2	0.186340	0.618041	0.000920
3	0.311385	0.559722	9
3	0.006540	0.923721	93
3	0.754997	0.240784	30
2	0.124840	0.235035	0.000246
2	0.643354	0.240730	0.000887
2	0.887586	0.277251	0.000799
2	0.752869	0.154171	0.000710
3	0.024907	0.066148	67
3	0.750625	0.880476	4
2	0.011122	0.053757	0.000208
2	0.201557	0.746660	0.000866
3	0.636473	0.356882	26
2	0.904810	0.510215	0.000304
2	0.628563	0.592870	0.000456
3	0.396989	0.407569	85
3	0.922678	0.469884	100
3	0.841783	0.262259	87
2	0.836387	0.031074	0.000878
3	0.519536	0.590899	53
2	0.655082	0.216612	0.000246
3	0.976371	0.065015	25
3	0.698793	0.921608	61
2	0.033901	0.583172	0.000292
3	0.948345	0.490242	22
2	0.056841	0.477495	0.000741
2	0.080556	0.902011	0.000163
2	0.935017	0.002920	0.000274
3	0.959297	0.869124	100
2	0.897531	0.810296	0.000636
2	0.295733	0.313318	0.000617
2	0.684450	0.839418	0.000654
3	0.536475	0.234208	47
3	0.002555	0.800078	93
3	0.320172	0.719431	82
2	0.003325	0.591708	0.000083
2	0.223204	0.513059	0.000467
3	0.576640	0.401361	56
2	0.772715	0.039183	0.000396
2	0.679999	0.865687	0.000511
3	0.165896	0.775110	92
2	0.940165	0.167447	0.000178
3	0.920541	0.495235	25
2	0.155278	0.329472	0.000293
2	0.693429	0.387243	0.000871
2	0.963378	0.812783	0.000101
3	0.440075	0.392858	36
2	0.338608	0.943937	0.000933
3	0.022626	0.086527	7
3	0.266691	0.590787	22
3	0.628305	0.218538	33
2	0.795580	0.302892	0.000934
3	0.286831	0.576290	15
2	0.147857	0.713370	0.000665
3	0.747235	0.107596	79
2	0.105392	0.701190	0.000463
2	0.741328	0.787998	0.000089
3	0.008080	0.056063	73
2	0.134567	0.919237	0.000971
3	0.916813	0.588759	48
2	0.323102	0.039555	0.000636
3	0.158220	0.394888	91
2	0.741247	0.282858	0.000931
3	0.127058	0.021455	29
3	0.957932	0.904229	73
2	0.222705	0.210500	0.000555
2	0.839883	0.564521	0.000265
3	0.791145	0.374932	77
2	0.375656	0.309583	0.000289
2	0.796530	0.467988	0.000972
2	0.873455	0.589029	0.000912
3	0.336111	0.248570	51
2	0.957514	0.159432	0.000191
3	0.937572	0.463412	14
2	0.108847	0.253844	0.000669
3	0.170105	0.601772	20
2	0.015479	0.875235	0.000432
2	0.323532	0.954060	0.000383
2	0.063985	0.477559	0.000208
3	0.883504	0.332669	12
2	0.608318	0.685914	0.000208
2	0.198351	0.673071	0.000946
3	0.043594	0.233716	30
3	0.200055	0.820883	52
3	0.279255	0.343700	1
3	0.407964	0.459802	29
2	0.287334	0.913946	0.000052
2	0.541404	0.475763	0.000740
2	0.900650	0.718049	0.000659
3	0.894626	0.698320	53
3	0.489296	0.315270	43
2	0.974748	0.173758	0.000577
3	0.238936	0.886520	76
2	0.798745	0.152407	0.000224
2	0.501445	0.382191	0.000616
2	0.128851	0.501208	0.000418
3	0.497532	0.603203	63
2	0.585058	0.755914	0.000645
3	0.156587	0.411146	83
3	0.895533	0.396382	64
3	0.870566	0.649572	18
3	0.927111	0.345478	64
3	0.356619	0.441845	39
3	0.460070	0.760530	96
3	0.780474	0.812670	63
3	0.254850	0.530841	19
2	0.557858	0.853087	0.000695
3	0.473274	0.376882	32
3	0.257201	0.127493	68
2	0.402016	0.470140	0.000755
3	0.611755	0.787110	7
3	0.715038	0.801597	25
2	0.951984	0.490309	0.000008
2	0.440316	0.243121	0.000256
3	0.623004	0.388629	50
2	0.647636	0.461888	0.000127
2	0.626527	0.413851	0.000873
2	0.983294	0.760430	0.000117
2	0.035232	0.663250	0.000947
3	0.380585	0.918488	27
3	0.599255	0.983744	44
3	0.317997	0.854545	68
3	0.698016	0.660611	10
3	0.681947	0.795854	66
2	0.422027	0.233956	0.000667
2	0.350402	0.563542	0.000386
3	0.917727	0.541858	98
2	0.911128	0.194983	0.000381
3	0.524203	0.714801	60
2	0.398941	0.699720	0.000285
3	0.703657	0.210765	74
2	0.320153	0.115221	0.000978
2	0.311899	0.155288	0.000908
2	0.448025	0.701372	0.000838
2	0.061774	0.496225	0.000910
3	0.974745	0.776001	58
3	0.536955	0.802764	7
2	0.620232	0.011266	0.000381
3	0.756371	0.104237	71
2	0.841720	0.718130	0.000017
3	0.068667	0.587612	51
2	0.959816	0.423248	0.000100
3	0.944294	0.676483	71
3	0.133503	0.719715	62
2	0.022608	0.914856	0.000790
2	0.892120	0.173901	0.000046
3	0.251065	0.957051	5
2	0.632363	0.641410	0.000263
3	0.718993	0.279403	96
3	0.502670	0.648880	72
3	0.887063	0.377096	63
2	0.526278	0.114114	0.000176
2	0.287015	0.129493	0.000638
2	0.345236	0.074638	0.000391
3	0.939818	0.692752	13
3	0.321007	0.277424	95
2	0.443191	0.572339	0.000339
2	0.360539	0.046386	0.000913
3	0.490176	0.252585	42
3	0.018267	0.039617	34
3	0.401932	0.231259	68
3	0.121595	0.269213	45
2	0.113765	0.985675	0.000284
2	0.308668	0.888892	0.000816
2	0.856144	0.703130	0.000884
2	0.480410	0.284436	0.000184
3	0.862096	0.773807	16
2	0.859676	0.819254	0.000851
3	0.191815	0.540562	100
2	0.969569	0.698530	0.000423
3	0.191548	0.096610	52
2	0.114315	0.881935	0.000144
2	0.357862	0.810670	0.000360
2	0.912790	0.574193	0.000238
3	0.964991	0.321093	74
3	0.688779	0.263960	18
3	0.568931	0.219317	69
2	0.779846	0.388594	0.000722
2	0.495245	0.455186	0.000270
2	0.501471	0.758767	0.000512
3	0.960666	0.062230	43
2	0.965532	0.414745	0.000109
2	0.909839	0.561590	0.000828
2	0.963081	0.663868	0.000803
3	0.887171	0.948027	31
3	0.155143	0.727752	71
2	0.458062	0.483254	0.000551
3	0.779479	0.419238	96
3	0.071818	0.614372	27
2	0.696807	0.448620	0.000769
2	0.479069	0.731544	0.000982
2	0.000732	0.357690	0.000283
2	0.202763	0.035439	0.000903
2	0.402450	0.284604	0.000703
2	0.326463	0.223111	0.000609
3	0.433368	0.837384	3
3	0.284444	0.927662	23
2	0.032352	0.950904	0.000174
3	0.238897	0.600627	62
3	0.168180	0.504413	74
3	0.887896	0.781976	40
2	0.395128	0.517678	0.000971
3	0.930145	0.569044	78
3	0.187544	0.488038	84
3	0.345846	0.458322	38
3	0.947340	0.329819	92
2	0.851037	0.731642	0.000095
3	0.790008	0.667770	56
3	0.314647	0.563266	14
3	0.977709	0.698867	39
3	0.240523	0.606386	30
3	0.335904	0.590871	11
3	0.044046	0.416728	82
2	0.779080	0.138175	0.000721
3	0.297283	0.693910	98
2	0.794686	0.929226	0.000428
3	0.393526	0.264192	45
2	0.231687	0.449616	0.000818
3	0.737028	0.628584	60
2	0.520922	0.274516	0.000081
3	0.321979	0.908863	35
3	0.208026	0.956177	66
3	0.008075	0.969654	46
3	0.880590	0.199334	8
2	0.026506	0.532115	0.000181
3	0.442273	0.619498	53
3	0.459065	0.764314	44
3	0.532485	0.604483	33
2	0.605783	0.963650	0.000789
3	0.608231	0.627241	2
3	0.151787	0.912561	57
3	0.604413	0.650829	14
2	0.100463	0.689520	0.000553
2	0.196541	0.937884	0.000887
2	0.139730	0.880805	0.000929
3	0.108561	0.143504	25
3	0.111578	0.520918	39
2	0.027665	0.322371	0.000299
3	0.226149	0.955551	9
3	0.426775	0.752152	20
3	0.638935	0.585734	19
2	0.165392	0.761694	0.000577
3	0.770863	0.886708	91
2	0.996260	0.855694	0.000047
3	0.300481	0.800011	31
3	0.910080	0.868053	49
3	0.889989	0.524790	91
3	0.729269	0.749954	82
3	0.869905	0.894675	87
2	0.557644	0.109042	0.000206
2	0.609278	0.761598	0.000905
3	0.736431	0.919004	98
3	0.721840	0.257875	8
3	0.125298	0.473916	96
2	0.320864	0.248713	0.000405
3	0.014449	0.937332	56
2	0.586356	0.237294	0.000997
3	0.865888	0.799251	75
2	0.229577	0.843528	0.000565
2	0.605990	0.564136	0.000376
2	0.060007	0.048968	0.000291
2	0.232408	0.183079	0.000982
3	0.808312	0.110744	6
3	0.283876	0.621487	28
2	0.525983	0.191846	0.000965
3	0.037773	0.845334	61
2	0.547374	0.857748	0.000957
3	0.180370	0.096745	71
2	0.867579	0.266020	0.000846
2	0.283427	0.353985	0.000020
2	0.480454	0.043711	0.000605
2	0.966577	0.815034	0.000996
3	0.706492	0.442445	45
2	0.877362	0.318781	0.000955
3	0.362718	0.682789	49
3	0.039546	0.634729	1
2	0.573269	0.465710	0.000340
2	0.522274	0.899183	0.000740
3	0.874003	0.434766	80
2	0.764343	0.258826	0.000768
2	0.162795	0.386215	0.000075
2	0.374862	0.779956	0.000130
2	0.920576	0.839325	0.000725
2	0.111339	0.795259	0.000541
2	0.546436	0.140825	0.000255
3	0.378257	0.741280	79
3	0.147090	0.348351	42
3	0.694550	0.113475	30
2	0.681969	0.158022	0.000783
2	0.961967	0.072988	0.000273
2	0.055051	0.186749	0.000374
3	0.235004	0.535138	33
3	0.027573	0.653067	38
2	0.164061	0.710803	0.000085
2	0.863579	0.231779	0.000050
2	0.043367	0.211274	0.000414
2	0.560470	0.769964	0.000178
3	0.225667	0.958457	84
3	0.647733	0.178351	48
3	0.012974	0.736816	56
2	0.742714	0.545284	0.000128
3	0.748158	0.909345	47
2	0.324101	0.040992	0.000910
2	0.983110	0.130100	0.000857
3	0.485500	0.901341	3
3	0.885795	0.794847	29
2	0.266753	0.465848	0.000755
2	0.952949	0.542018	0.000999
2	0.889152	0.548197	0.000049
3	0.465495	0.885357	59
2	0.034804	0.761055	0.000238
3	0.175704	0.101226	6
2	0.968466	0.815461	0.000511
2	0.292673	0.810747	0.000870
3	0.072448	0.957407	69
2	0.423845	0.159016	0.000736
3	0.538401	0.537665	69
3	0.601334	0.067629	81
3	0.359445	0.839252	34
2	0.418970	0.354952	0.000646
3	0.331139	0.290082	49
3	0.006593	0.807368	62
2	0.903618	0.467200	0.000961
2	0.400316	0.814505	0.000489
3	0.835619	0.562538	34
2	0.649233	0.416770	0.000124
2	0.006997	0.655043	0.000758
2	0.043791	0.427002	0.000217
2	0.376871	0.440941	0.000409
3	0.323044	0.479992	56
2	0.388012	0.583546	0.000595
2	0.883663	0.963223	0.000542
3	0.586367	0.719980	73
3	0.674859	0.440028	42
3	0.822527	0.752021	63
3	0.681946	0.151472	53
2	0.095996	0.793511	0.000905
3	0.419559	0.378756	22
3	0.206275	0.141290	62
3	0.373119	0.523179	85
3	0.446022	0.868724	6
3	0.804574	0.389044	65
2	0.811372	0.020322	0.000999
2	0.609710	0.064361	0.000296
2	0.931553	0.432191	0.000163
3	0.655453	0.878897	14
3	0.114513	0.131714	93
3	0.924464	0.220041	36
3	0.865758	0.726185	4
2	0.806036	0.352315	0.000059
3	0.195461	0.977495	17
2	0.421684	0.817601	0.000350
3	0.705348	0.356031	28
2	0.723420	0.939526	0.000704
2	0.641273	0.240814	0.000861
3	0.316931	0.950349	33
2	0.424615	0.405880	0.000322
3	0.240980	0.855026	14
2	0.311242	0.448501	0.000281
2	0.629356	0.021338	0.000970
3	0.218075	0.775612	60
2	0.921441	0.777497	0.000399
3	0.910757	0.393951	10
2	0.367129	0.881975	0.000964
3	0.340756	0.871241	99
2	0.192169	0.971598	0.000041
2	0.937187	0.592881	0.000989
2	0.198386	0.745742	0.000274
3	0.404133	0.834858	4
2	0.579389	0.284042	0.000913
2	0.348273	0.781206	0.000528
3	0.660293	0.778740	23
2	0.434068	0.823368	0.000343
3	0.490624	0.673531	72
2	0.227619	0.678744	0.000749
3	0.217899	0.561779	8
3	0.500262	0.458523	96
2	0.938316	0.126459	0.000365
3	0.968221	0.526518	95
2	0.690532	0.724849	0.000813
3	0.869196	0.550966	38
3	0.600035	0.298356	89
2	0.749615	0.958402	0.000570
3	0.496444	0.698943	17
2	0.842088	0.286174	0.000753
2	0.302997	0.681748	0.000921
2	0.073902	0.241493	0.000386
3	0.586902	0.064637	44
3	0.491913	0.063657	47
3	0.104178	0.420465	54
2	0.239797	0.730937	0.000715
3	0.347327	0.816013	57
2	0.639141	0.447005	0.000152
2	0.096208	0.144623	0.000117
3	0.247715	0.123139	61
2	0.466873	0.488563	0.000264
2	0.723133	0.987325	0.000646
2	0.342882	0.621005	0.000147
2	0.931088	0.030026	0.000930
2	0.678669	0.519476	0.000379
2	0.157302	0.414516	0.000140
2	0.683258	0.099105	0.000326
3	0.993507	0.705693	94
3	0.058914	0.961322	82
2	0.159112	0.636328	0.000200
3	0.854199	0.761676	80
3	0.631709	0.571720	41
3	0.279757	0.749444	66
2	0.437614	0.216772	0.000405
2	0.526183	0.777418	0.000448
3	0.872467	0.451830	14
3	0.575698	0.586445	58
3	0.652649	0.160168	43
2	0.572956	0.408075	0.000056
3	0.499327	0.477753	10
2	0.473776	0.951016	0.000312
2	0.422500	0.214855	0.000200
3	0.019473	0.631908	99
2	0.865810	0.399662	0.000966
2	0.315033	0.950483	0.000627
3	0.251136	0.103151	13
2	0.011392	0.929559	0.000864
2	0.448280	0.523744	0.000010
3	0.965412	0.093251	52
2	0.113355	0.895658	0.000885
3	0.320338	0.481775	15
2	0.150469	0.986135	0.000486
2	0.174509	0.161459	0.000270
3	0.077447	0.114265	6
3	0.023965	0.383026	58
3	0.985433	0.514506	60
2	0.833498	0.016754	0.000489
3	0.849747	0.154444	91
3	0.959252	0.632363	73
3	0.860348	0.893191	31
2	0.625376	0.265895	0.000550
2	0.182851	0.411775	0.000132
2	0.841557	0.540497	0.000186
3	0.015901	0.779571	100
2	0.394922	0.687605	0.000935
2	0.204389	0.510504	0.000022
2	0.260669	0.484051	0.000969
3	0.242679	0.983456	58
3	0.489165	0.318466	52
3	0.242421	0.406683	62
3	0.301287	0.589330	27
2	0.844129	0.796970	0.000182
2	0.913500	0.683008	0.000515
2	0.356899	0.360627	0.000026
2	0.165496	0.086264	0.000747
3	0.764131	0.204699	93
3	0.164678	0.272908	85
2	0.189969	0.143030	0.000974
2	0.487350	0.057580	0.000021
2	0.077355	0.791917	0.000417
3	0.194705	0.096919	87
3	0.640111	0.759228	40
2	0.016420	0.237258	0.000807
3	0.855311	0.795964	64
3	0.968023	0.109860	21
3	0.363919	0.502466	15
3	0.135233	0.274442	8
2	0.741120	0.534983	0.000807
2	0.626150	0.918702	0.000862
3	0.558437	0.938568	7
2	0.258545	0.741047	0.000551
3	0.195679	0.427730	55
2	0.621816	0.599978	0.000083
2	0.423865	0.272734	0.000106
2	0.055744	0.811129	0.000118
2	0.706131	0.070130	0.000136
2	0.556501	0.056970	0.000515
3	0.796566	0.399741	68
3	0.590892	0.438092	32
3	0.320859	0.735271	30
2	0.824517	0.750305	0.000217
3	0.649049	0.415173	55
2	0.949246	0.279641	0.000350
2	0.078086	0.827528	0.000911
2	0.635801	0.833599	0.000435
3	0.295217	0.600076	22
2	0.281269	0.650966	0.000774
2	0.000053	0.089236	0.000137
3	0.465613	0.311579	92
2	0.289414	0.813572	0.000107
3	0.574488	0.622803	93
2	0.321758	0.588388	0.000999
2	0.159075	0.843846	0.000708
2	0.065222	0.736141	0.000116
3	0.916531	0.792382	10
3	0.253102	0.680407	9
2	0.234283	0.490693	0.000718
3	0.145718	0.163702	20
2	0.865862	0.531899	0.000431
2	0.369602	0.733665	0.000384
2	0.615224	0.525613	0.000808
3	0.814641	0.841202	57
2	0.800513	0.846864	0.000017
2	0.638348	0.552229	0.000383
2	0.296410	0.123589	0.000591
2	0.632299	0.835345	0.000086
3	0.533401	0.497107	88
3	0.609809	0.634888	27
3	0.735678	0.331661	97
2	0.008854	0.589603	0.000226
2	0.883418	0.138674	0.000203
3	0.827013	0.047237	1
3	0.203123	0.494979	19
2	0.751837	0.077591	0.000363
3	0.181066	0.784526	61
3	0.552841	0.609070	37
2	0.754379	0.573998	0.000140
2	0.363023	0.496385	0.000898
2	0.534471	0.324971	0.000983
3	0.691258	0.861928	20
3	0.279309	0.871479	27
3	0.176222	0.434562	68
2	0.160257	0.673197	0.000072
2	0.706726	0.093166	0.000609
2	0.053468	0.839808	0.000574
3	0.324598	0.921635	75
2	0.193578	0.985226	0.000788
3	0.123512	0.096803	54
3	0.214482	0.420914	43
2	0.113161	0.541073	0.000173
3	0.920262	0.032315	26
3	0.382136	0.339597	79
2	0.119108	0.265602	0.000157
3	0.885459	0.057577	45
3	0.125802	0.878713	87
2	0.879103	0.326215	0.000406
2	0.311273	0.592337	0.000938
2	0.428442	0.211918	0.000729
3	0.405328	0.193026	55
2	0.304894	0.515011	0.000422
2	0.231678	0.677525	0.000531
2	0.384607	0.611904	0.000329
3	0.563313	0.653776	85
3	0.418728	0.748335	5
3	0.716288	0.421625	4
2	0.819695	0.471341	0.000051
2	0.656510	0.492450	0.000374
2	0.417166	0.621586	0.000820
3	0.822369	0.668362	93
3	0.563764	0.739295	76
2	0.300954	0.569923	0.000523
2	0.326376	0.413687	0.000243
3	0.039701	0.886968	28
2	0.482836	0.826416	0.000211
3	0.641145	0.653241	22
3	0.145936	0.049175	78
3	0.852074	0.066550	8
2	0.753081	0.914810	0.000828
3	0.814297	0.299334	23
3	0.678889	0.698751	21
3	0.271599	0.695036	65
2	0.503453	0.606716	0.000985
3	0.970805	0.444945	29
2	0.990742	0.456058	0.000504
2	0.515738	0.523734	0.000417
2	0.068908	0.972600	0.000316
2	0.064448	0.390046	0.000435
3	0.981873	0.268044	49
2	0.522794	0.264444	0.000839
3	0.418154	0.149276	35
3	0.462811	0.997251	10
3	0.652801	0.713880	52
2	0.291309	0.986371	0.000457
2	0.841376	0.469626	0.000586
3	0.573034	0.206448	17
3	0.948854	0.831819	32
3	0.742786	0.998653	85
3	0.119289	0.302125	1
2	0.684887	0.691850	0.000054
2	0.806136	0.871287	0.000845
2	0.761033	0.551000	0.000054
2	0.144194	0.930997	0.000923
3	0.333557	0.006992	92
2	0.614077	0.388228	0.000084
3	0.260834	0.709859	38
3	0.595948	0.609791	81
3	0.530848	0.097861	83
2	0.499060	0.144784	0.000568
2	0.642579	0.326202	0.000734
3	0.528745	0.994594	35
2	0.312801	0.582279	0.000476
3	0.189765	0.602371	53
2	0.203091	0.951063	0.000361
3	0.509033	0.242537	21
3	0.490557	0.291337	67
2	0.435431	0.009518	0.000426
2	0.385648	0.427224	0.000437
3	0.684171	0.096945	1
3	0.863903	0.220814	55
2	0.020618	0.827770	0.000808
2	0.595526	0.424501	0.000038
2	0.069651	0.412395	0.000192
2	0.068669	0.763324	0.000092
3	0.499353	0.231885	30
2	0.212226	0.058254	0.000552
2	0.360340	0.018450	0.000504
2	0.215277	0.579702	0.000546
3	0.849092	0.025186	22
3	0.657138	0.314196	88
3	0.841609	0.309279	15
3	0.441074	0.287417	97
3	0.181583	0.399305	23
3	0.254883	0.880568	87
2	0.893845	0.614640	0.000134
2	0.321640	0.699258	0.000407
2	0.732827	0.566274	0.000348
3	0.891644	0.936513	69
3	0.564722	0.012592	15
3	0.030950	0.360976	61
3	0.005139	0.284554	14
3	0.989659	0.670270	98
3	0.552969	0.562048	89
3	0.709442	0.963116	81
2	0.416326	0.043260	0.000004
3	0.469672	0.765778	93
3	0.595499	0.717419	26
2	0.829183	0.546017	0.000441
3	0.729185	0.482524	99
3	0.339101	0.942306	82
3	0.790062	0.650327	1
2	0.595094	0.943064	0.000634
2	0.862641	0.394156	0.000640
3	0.409738	0.196702	20
2	0.974564	0.684976	0.000535
2	0.774304	0.243629	0.000374
3	0.747015	0.826953	40
3	0.763485	0.560965	23
2	0.453062	0.338321	0.000999
3	0.388384	0.130817	67
3	0.555382	0.825836	21
2	0.812087	0.909528	0.000247
3	0.606069	0.182537	28
3	0.340618	0.561306	70
3	0.579539	0.697617	88
2	0.912929	0.927281	0.000493
3	0.483264	0.360472	32
2	0.046065	0.459712	0.000172
3	0.584798	0.801140	84
2	0.255856	0.478653	0.000767
3	0.042900	0.976677	12
2	0.667745	0.874950	0.000618
2	0.493914	0.782071	0.000805
3	0.063330	0.006227	46
2	0.578429	0.351490	0.000639
3	0.973829	0.376395	14
3	0.386807	0.650437	41
3	0.434063	0.591052	19
2	0.131516	0.973749	0.000535
3	0.470643	0.231042	68
2	0.917246	0.551475	0.000091
3	0.170622	0.453524	77
3	0.954307	0.890596	43
3	0.400601	0.202164	87
3	0.600963	0.124715	39
2	0.264145	0.475478	0.000173
3	0.626075	0.873605	83
3	0.887648	0.206511	58
2	0.396520	0.455565	0.000403
3	0.252504	0.278485	39
2	0.366623	0.666468	0.000498
2	0.927958	0.180713	0.000447
3	0.647671	0.210184	8
3	0.250547	0.063434	91
3	0.283799	0.339186	87
2	0.823934	0.273061	0.000838
3	0.187327	0.868391	50
2	0.014236	0.342294	0.000998
2	0.912088	0.103681	0.000414
2	0.072233	0.682444	0.000566
2	0.040988	0.749243	0.000516
3	0.340642	0.527374	38
2	0.247767	0.709801	0.000573
2	0.112436	0.923523	0.000406
2	0.422748	0.022462	0.000747
3	0.148785	0.582931	13
2	0.381500	0.315353	0.000719
2	0.364897	0.177255	0.000792
2	0.745006	0.841451	0.000823
2	0.897856	0.071489	0.000108
2	0.705533	0.870317	0.000177
2	0.726235	0.483957	0.000660
3	0.298568	0.754353	34
3	0.908249	0.365223	8
2	0.027515	0.061114	0.000037
3	0.342000	0.113909	64
3	0.769613	0.885564	54
3	0.639590	0.160014	71
2	0.222571	0.212084	0.000327
3	0.278331	0.349834	13
2	0.746149	0.415621	0.000052
3	0.209238	0.242936	42
3	0.548329	0.028602	9
3	0.637124	0.330322	14
3	0.279280	0.978563	32
2	0.878966	0.916746	0.000783
3	0.009510	0.822767	28
2	0.057016	0.969257	0.000024
3	0.042870	0.434649	11
3	0.398106	0.569393	75
2	0.611648	0.948222	0.000018
2	0.457709	0.119914	0.000383
3	0.154991	0.219619	57
2	0.243552	0.509054	0.000485
2	0.846514	0.713937	0.000487
2	0.976257	0.438809	0.000438
2	0.316686	0.375819	0.000494
2	0.697697	0.824406	0.000049
3	0.380677	0.996239	100
2	0.346628	0.028627	0.000081
2	0.814949	0.695393	0.000261
3	0.876060	0.164421	52
3	0.038047	0.823396	68
3	0.309025	0.896179	62
2	0.825611	0.464240	0.000422
3	0.774905	0.952044	33
2	0.755083	0.323214	0.000754
2	0.946674	0.778050	0.000550
3	0.450073	0.199789	22
2	0.752414	0.765434	0.000510
3	0.435067	0.129728	7
3	0.809536	0.004867	96
2	0.653825	0.251422	0.000321
2	0.599743	0.896555	0.000774
2	0.800221	0.660847	0.000307
3	0.989918	0.640321	7
2	0.528171	0.987595	0.000036
2	0.663674	0.637149	0.000818
2	0.911740	0.909426	0.000949
2	0.099851	0.217904	0.000273
2	0.638010	0.797157	0.000849
3	0.061646	0.366380	65
2	0.445464	0.251270	0.000277
2	0.941186	0.542456	0.000586
3	0.864680	0.484397	35
2	0.342432	0.389113	0.000805
3	0.631601	0.766940	70
3	0.787168	0.141224	34
2	0.963987	0.220707	0.000626
2	0.314780	0.689672	0.000116
3	0.044446	0.008469	59
2	0.080028	0.184545	0.000125
2	0.286698	0.209876	0.000902
3	0.550108	0.157549	19
2	0.128240	0.371462	0.000167
3	0.446826	0.515379	58
3	0.433263	0.493932	85
3	0.638533	0.109465	11
3	0.745487	0.048895	8
3	0.361640	0.797755	37
3	0.735200	0.524793	62
3	0.358616	0.394999	49
2	0.138910	0.818874	0.000674
2	0.925380	0.091236	0.000486
2	0.196425	0.470734	0.000077
3	0.296758	0.397593	8
3	0.660154	0.005238	67
2	0.335447	0.171800	0.000071
2	0.374464	0.168845	0.000473
3	0.210002	0.035053	37
2	0.856375	0.221110	0.000970
2	0.855853	0.416434	0.000508
3	0.633910	0.257511	33
3	0.792350	0.227165	74
2	0.807188	0.459688	0.000332
2	0.328535	0.492877	0.000156
3	0.270628	0.773105	19
2	0.331235	0.773657	0.000930
2	0.601269	0.546270	0.000953
2	0.716707	0.701673	0.000852
3	0.382795	0.606015	16
2	0.011848	0.872389	0.000348
3	0.788265	0.411186	69
3	0.332853	0.265929	33
2	0.697191	0.688623	0.000071
2	0.773552	0.607869	0.000888
3	0.406801	0.438114	73
3	0.797478	0.841373	79
3	0.207311	0.516694	61
3	0.532534	0.388013	8
2	0.218773	0.604022	0.000844
3	0.126272	0.485733	90
2	0.348382	0.419530	0.000773
2	0.402942	0.605802	0.000033
2	0.936590	0.202634	0.000919
3	0.822581	0.474056	40
3	0.572613	0.881275	31
2	0.412851	0.147396	0.000420
2	0.485303	0.737693	0.000054
3	0.369808	0.266188	72
3	0.113655	0.039349	34
2	0.439616	0.624315	0.000950
3	0.478195	0.687990	51
2	0.613999	0.267192	0.000208
2	0.119034	0.582525	0.000868
3	0.055262	0.430345	82
2	0.843301	0.636635	0.000886
3	0.379822	0.849070	8
3	0.861290	0.997180	35
3	0.650745	0.378745	46
2	0.011186	0.119984	0.000449
2	0.024534	0.032158	0.000215
2	0.694347	0.302434	0.000309
2	0.716996	0.353594	0.000418
3	0.783856	0.641671	49
3	0.433747	0.677542	85
2	0.245097	0.372819	0.000001
3	0.045784	0.602377	34
2	0.315873	0.853707	0.000318
3	0.446564	0.953267	94
3	0.520716	0.167648	19
3	0.645841	0.742681	67
2	0.287154	0.113731	0.000810
3	0.566730	0.776140	28
3	0.998526	0.133371	51
3	0.240180	0.781794	14
3	0.020720	0.875771	75
2	0.926477	0.564773	0.000664
2	0.772667	0.746418	0.000183
2	0.378808	0.250431	0.000892
2	0.471204	0.717420	0.000797
3	0.798732	0.569443	43
2	0.128464	0.040046	0.000865
2	0.889220	0.565436	0.000234
3	0.476660	0.159686	37
3	0.470301	0.062896	40
2	0.273458	0.582292	0.000112
3	0.736971	0.543383	3
2	0.348910	0.949198	0.000757
2	0.377845	0.945077	0.000916
3	0.807947	0.400786	86
3	0.933187	0.319858	59
3	0.942358	0.715627	80
3	0.781482	0.742441	22
3	0.734808	0.210031	21
3	0.784818	0.265962	25
2	0.256525	0.876381	0.000939
3	0.931399	0.716033	80
2	0.518509	0.394576	0.000915
3	0.367412	0.644831	20
3	0.514268	0.037849	66
2	0.010857	0.513791	0.000634
2	0.234546	0.421852	0.000640
2	0.424870	0.624849	0.000522
2	0.587690	0.126527	0.000559
2	0.396963	0.174856	0.000900
2	0.944653	0.910782	0.000211
3	0.558922	0.488246	62
2	0.777606	0.780021	0.000333
2	0.657278	0.256738	0.000881
2	0.919075	0.649828	0.000855
2	0.170678	0.986856	0.000762
2	0.119158	0.220768	0.000748
2	0.201103	0.695419	0.000237
3	0.199113	0.280796	85
2	0.951248	0.219842	0.000511
3	0.080486	0.394056	38
3	0.873859	0.670692	29
2	0.442919	0.236440	0.000008
2	0.813187	0.087825	0.000032
3	0.838844	0.495719	68
2	0.324217	0.070255	0.000974
2	0.255327	0.099950	0.000246
3	0.947840	0.351685	23
2	0.670257	0.405391	0.000220
2	0.560755	0.889105	0.000885
3	0.615236	0.299483	80
3	0.544454	0.260260	17
2	0.034386	0.649059	0.000223
2	0.045384	0.856643	0.000369
2	0.781442	0.490364	0.000811
2	0.279806	0.663213	0.000313
3	0.895751	0.434139	84
3	0.554544	0.825897	6
3	0.254782	0.205583	7
2	0.656887	0.867519	0.000494
3	0.560129	0.850276	28
2	0.443418	0.838143	0.000163
2	0.145162	0.202559	0.000933
3	0.560245	0.114562	68
3	0.869971	0.095105	95
3	0.606721	0.918515	64
2	0.998832	0.615094	0.000615
3	0.401753	0.198917	54
2	0.419792	0.206264	0.000878
3	0.401961	0.147030	33
3	0.376424	0.633083	88
2	0.992779	0.474139	0.000385
2	0.845501	0.552410	0.000647
3	0.818066	0.132681	34
2	0.826204	0.818383	0.000559
3	0.912343	0.466212	86
3	0.213959	0.708893	16
2	0.925205	0.802833	0.000937
3	0.576332	0.495006	50
3	0.937494	0.235411	71
3	0.269100	0.857075	38
2	0.647525	0.712583	0.000202
2	0.535421	0.671241	0.000127
3	0.362736	0.294047	2
3	0.639266	0.971155	43
2	0.022377	0.803566	0.000353
3	0.626761	0.125603	27
3	0.297361	0.547083	8
3	0.369661	0.666520	18
3	0.056142	0.835472	47
3	0.055477	0.043656	35
3	0.803555	0.694318	20
2	0.652321	0.912649	0.000949
2	0.972802	0.643735	0.000492
2	0.180258	0.570785	0.000445
2	0.807176	0.793098	0.000025
3	0.994627	0.353026	62
2	0.608663	0.463642	0.000380
3	0.905599	0.429070	51
3	0.886910	0.786886	22
3	0.903492	0.839957	32
2	0.932843	0.653293	0.000300
2	0.447922	0.679605	0.000487
3	0.197212	0.817037	68
3	0.759481	0.317270	59
3	0.912147	0.215645	21
3	0.268275	0.297847	38
2	0.274136	0.909003	0.000093
3	0.164876	0.621693	18
2	0.234964	0.149796	0.000135
2	0.257992	0.473632	0.000468
2	0.457695	0.134696	0.000236
3	0.689859	0.362818	59
2	0.534783	0.372342	0.000356
3	0.048285	0.374206	88
3	0.100200	0.315690	41
2	0.046808	0.582415	0.000859
3	0.272848	0.734753	18
3	0.541058	0.036591	9
3	0.560103	0.808347	58
2	0.285464	0.511400	0.000741
3	0.769912	0.605503	97
3	0.162597	0.536227	82
3	0.402436	0.119758	78
2	0.493720	0.181103	0.000706
3	0.413707	0.771135	69
3	0.103401	0.964494	4
3	0.469032	0.542986	73
3	0.174169	0.063527	12
2	0.532771	0.150345	0.000432
2	0.037176	0.698190	0.000604
3	0.060866	0.388228	20
3	0.452909	0.979515	17
3	0.046962	0.386655	77
2	0.380718	0.954879	0.000597
3	0.268806	0.160690	5
3	0.609101	0.392586	38
2	0.615457	0.036223	0.000328
2	0.043788	0.661095	0.000975
2	0.827796	0.904507	0.000981
3	0.484382	0.733075	94
3	0.522060	0.954440	30
2	0.751083	0.322850	0.000856
2	0.578395	0.071170	0.000038
2	0.562658	0.040494	0.000195
3	0.895784	0.774017	93
2	0.897412	0.531691	0.000962
2	0.390566	0.612353	0.000134
2	0.934787	0.940483	0.000033
3	0.815938	0.517828	40
3	0.524102	0.543096	27
3	0.114028	0.606639	14
2	0.255886	0.628269	0.000713
2	0.302123	0.866711	0.000473
2	0.602590	0.754778	0.000530
2	0.270453	0.120768	0.000812
2	0.632151	0.788929	0.000533
3	0.598348	0.623484	22
3	0.203327	0.272017	94
3	0.742951	0.644556	40
2	0.932826	0.762655	0.000173
2	0.250633	0.838533	0.000795
2	0.447316	0.754009	0.000734
2	0.214517	0.977021	0.000986
3	0.200086	0.103328	78
2	0.671953	0.214819	0.000665
2	0.610663	0.814878	0.000200
2	0.310423	0.764612	0.000712
2	0.201599	0.210274	0.000666
3	0.763318	0.165676	95
3	0.144090	0.069912	100
3	0.312647	0.697918	95
2	0.315473	0.497358	0.000636
3	0.354214	0.269943	90
3	0.943966	0.663281	9
2	0.746682	0.736546	0.000504
2	0.940483	0.693462	0.000876
3	0.995716	0.306044	25
3	0.247317	0.814666	15
3	0.736104	0.964144	61
3	0.072865	0.951547	74
2	0.658242	0.951387	0.000428
2	0.877449	0.045646	0.000981
2	0.356353	0.383452	0.000472
2	0.920702	0.783079	0.000119
2	0.681853	0.404671	0.000126
3	0.811086	0.087856	80
3	0.254754	0.684905	20
2	0.613251	0.205795	0.000764
3	0.232582	0.631947	6
2	0.673770	0.525690	0.000284
3	0.947634	0.565472	42
2	0.312270	0.146458	0.000535
3	0.739782	0.891964	8
3	0.311206	0.985957	5
3	0.097944	0.996426	97
3	0.743081	0.507626	49
2	0.928211	0.298829	0.000670
3	0.462984	0.720606	36
2	0.299897	0.684106	0.000137
2	0.938712	0.510528	0.000377
3	0.798884	0.654338	60
3	0.563152	0.155868	88
2	0.769462	0.199251	0.000481
3	0.095866	0.111853	56
2	0.216060	0.698122	0.000789
2	0.160425	0.314182	0.000928
3	0.723213	0.291774	97
2	0.735261	0.415426	0.000227
2	0.393178	0.814693	0.000633
2	0.341667	0.239100	0.000884
2	0.709266	0.133330	0.000406
2	0.591174	0.790343	0.000112
3	0.539648	0.668543	86
2	0.347775	0.357808	0.000515
3	0.127439	0.685750	49
2	0.237660	0.650858	0.000012
3	0.142170	0.412762	16
2	0.416416	0.709138	0.000074
2	0.837357	0.256043	0.000192
2	0.856791	0.276362	0.000701
2	0.597096	0.642350	0.000100
2	0.422093	0.975141	0.000252
3	0.723328	0.367626	20
2	0.322279	0.042742	0.000713
3	0.002478	0.902216	60
2	0.164970	0.888108	0.000420
3	0.046663	0.604152	42
3	0.169654	0.318099	44
2	0.684536	0.653378	0.000357
2	0.891739	0.246238	0.000820
3	0.620376	0.304476	3
3	0.743668	0.928139	59
2	0.451588	0.068276	0.000366
2	0.233691	0.767991	0.000191
2	0.555832	0.730730	0.000303
2	0.971634	0.732885	0.000090
2	0.643071	0.172599	0.000356
3	0.575518	0.224980	1
2	0.527266	0.628313	0.000791
2	0.871006	0.419257	0.000397
2	0.818332	0.344644	0.000362
2	0.926899	0.328224	0.000294
2	0.324691	0.115083	0.000909
3	0.872091	0.422914	54
3	0.179573	0.127431	97
2	0.867154	0.198312	0.000162
3	0.705343	0.609531	87
2	0.759271	0.997336	0.000778
3	0.100575	0.715949	60
3	0.850057	0.272605	3
3	0.330691	0.658083	5
3	0.053800	0.421181	93
3	0.684775	0.407967	73
3	0.221061	0.518456	46
2	0.549773	0.242912	0.000341
2	0.843563	0.305539	0.000723
3	0.617085	0.280143	23
2	0.020075	0.943342	0.000774
3	0.600168	0.095297	26
2	0.756196	0.663545	0.000209
2	0.421725	0.391649	0.000957
3	0.956745	0.048261	46
2	0.598760	0.436006	0.000885
2	0.205005	0.575513	0.000964
3	0.825445	0.290113	4
2	0.302664	0.973678	0.000167
2	0.102973	0.171123	0.000640
